2EWH
AABABAAAAAAABBBAAAAAABAABAABBAABABAAABBBAAAABABAAABABBAAABAAABAAABAABBAABAAAAABAAABABBBABBAAABAABA
-171.0928 121.5647 106.5159 -12.9201 125.9722 -8.3150 -54.3157 54.1639 20.2428 179.4940 -34.8813 164.9905 89.9424 -32.5407 -61.8524 -18.8165 -57.2703 -120.0061 3.0480 -22.0044 47.0677 10.2717 -57.3223 -6.2967 -2.6900 -174.3404 111.0098 11.7038 -10.6192 129.0647 -23.5708 -18.4798 173.2459 165.1851 -31.1504 -31.0928 6.9037 -8.8504 -21.2686 -34.3249 -138.5209 74.9781 -58.6752 -160.0165 144.6178 60.0588 -115.3974 -3.1560 -22.1570 56.7762 -12.0251 -17.8929 157.9053 -1.7192 -56.4466 13.2601 -30.0956 0.5902 78.8291 -19.0722 -47.5056 -0.0871 25.4121 7.0772 72.0226 34.5992 -24.1378 -69.0060 141.5697 -68.2093 -26.8775 -4.2757 80.6655 -91.7902 91.6179 -178.5076 22.5511 156.2150 80.9153 -80.9059 -97.3846 -31.8980 15.3555 -64.4761 -2.8061 20.5038 39.4064 96.7019 14.2473 36.0383 -12.5655 -13.0017 157.1130 -109.0154 17.1545 -83.7957 -119.2814 -8.4400 -13.0533 157.0383 -93.0306 -151.9302 157.7548 -93.9811 -178.6238 -24.6514 142.1454 -0.6639 159.7481 144.3096 90.4715 35.8511 -176.8234 -86.9453 -11.8245 133.8037 -147.1403 -13.8690 102.7012 119.5933 130.7358 179.8646 -117.2190 -142.5524 -121.8939 -175.8817 -65.0970 0.5506 -5.3923 75.2094 164.9708 134.5117 32.4004 -26.3287 -2.3563 34.7093 26.4400 130.5711 -162.6308 152.9091 -111.1178 11.4805 -54.9925 -39.1140 159.5788 2.2044 100.2117 1.9762 -145.5173 -113.3755 -44.8324 -170.7455 136.1302 164.1412 164.8955 -81.4553 -21.4455 -139.5976 -173.9573 12.8290 30.0987 153.8178 -129.3022 -142.7088 -28.5334 -104.2582 11.1812 41.3807 52.1426 -144.7719 139.4434 -18.8596 -28.8829 -137.3416 38.7858 -2.6710 -175.9924 -92.4524 -134.7705 137.1211 71.9917 -179.4359 124.9701 16.3891 -1.0007 9.2507 66.7351 -0.9360 -20.7297 135.9756 -155.7611

1PCH
ABBBAAABBBAAABABAABAAABBABBBBBBABAAABBBBABABBAABAAAAAABBABBABABABABBABBAABAABBBAABBAAABA
10.1497 -59.1141 -122.2296 -16.5052 16.5555 3.4390 -132.4793 0.0586 -0.2609 -3.6249 150.5556 11.8889 -27.5682 -7.1812 19.9188 40.1156 -65.1389 -5.2188 -85.8156 -94.5014 -130.4353 -12.2170 30.9010 6.7697 6.3096 102.6658 -16.5398 -26.7530 39.6939 3.2096 62.5363 21.7068 65.3314 -2.6745 14.5803 -2.8055 -22.8485 87.6726 -64.0289 -96.6348 28.6945 22.7166 31.9084 35.4484 -31.2492 2.4020 103.8200 82.7994 100.4952 29.6342 -95.9207 -79.9130 -6.9060 -88.4000 -19.3978 -9.6871 72.0624 -11.3792 50.5095 18.5508 -95.6820 -23.5313 23.7173 -21.8152 50.0437 4.5710 21.7093 6.4598 -3.0276 -0.0372 -2.3404 -147.4586 20.9699 84.4929 -26.6165 1.2363 -1.0626 -35.4068 2.5219 28.8515 -8.7817 56.9867 55.5792 4.1639 -57.6329 -0.7337 47.1980 2.2002 159.0394 -148.4108 177.4785 -34.3955 -30.1185 9.2019 55.9371 171.0705 -37.5250 -162.1145 -69.1369 174.7210 171.7785 -40.4649 60.9776 144.6626 37.0573 31.4550 -153.8616 -49.5576 -159.3186 140.0838 -27.6465 112.6218 37.9215 -43.8553 -1.4168 117.1908 -3.6772 16.6840 -173.7869 172.1858 -163.6576 -153.1132 51.3362 106.9568 -0.4373 54.2623 116.8982 27.2940 -53.5262 -155.3331 135.6988 -46.3562 -5.7602 -120.7340 -2.7963 55.2465 -54.1934 -52.5179 6.0943 101.2686 -6.0468 15.8851 161.0822 43.2167 163.6566 139.1845 -133.4982 -20.9530 -149.4658 -3.0725 91.1088 176.9930 72.2548 163.0788 -114.2974 162.5436 -40.0246 -26.5156 23.4362 -165.1963 -115.4773 -17.5568 26.3196 45.8850 -5.7561 -91.4291 177.0602 140.4837 -132.7275 -66.8903 38.3234

1GK4
ABABAABABBBBABBBABBABBBBAABAABBBBBAABABBBABBABBBAABBABBBBBAABABAAABABAABBBBAABABBBBA
-25.0747 -9.6327 85.3080 49.7417 7.6469 47.2343 -3.0055 -4.5089 -1.7030 -32.7900 19.7798 123.7577 -1.2411 -14.0966 -0.7066 -43.3374 44.5445 -30.7810 7.8004 101.8393 26.3365 -10.5221 -35.5177 -9.1653 -23.9707 89.0017 0.5081 -1.9831 -74.7946 -39.3716 39.1865 -21.1830 -10.3510 -63.0715 -13.3816 -1.0627 52.4729 87.8887 44.9667 -2.3934 4.9709 -5.4249 -26.8348 -99.2140 9.1805 -10.6119 -15.9786 54.1055 -1.3932 2.3611 -19.5052 -98.0089 -31.3390 -15.0297 11.1284 -15.7833 -29.1609 115.6691 -55.8988 2.3075 116.3313 77.4901 -104.5174 -42.9879 -124.6696 -17.2586 -5.3219 -67.1452 -0.4355 -28.4005 16.6098 -99.5438 -11.5524 -41.7248 -13.9124 49.5438 160.1187 7.2405 -21.0262 50.7722 6.3583 -1.1170 81.0408 -154.5923 -99.4155 -39.2879 70.3186 -24.0984 -14.2281 88.1937 -13.1015 -32.8055 12.1568 92.0288 149.5611 85.0882 -20.3500 8.8724 125.4293 8.4596 173.3742 -53.2358 -99.0944 -60.7296 -127.3564 -53.0391 133.7594 134.4344 136.5726 27.1795 130.5657 -8.4258 -30.7204 -61.2919 19.9704 97.2948 107.6768 -5.5143 -0.6077 -105.7485 -69.7657 38.7546 76.0427 31.2556 -53.3790 -168.7566 -71.7876 -137.6773 -17.9899 -75.5128 -166.2053 111.5325 -157.4617 -101.5949 -12.1765 -119.3167 -177.2082 -178.9694 35.9709 156.2210 -90.6556 7.7014 -112.1564 6.4398 22.8395 9.7695 -30.9735 -27.4444 -178.9746 -166.6775 -116.8281 -82.3836 164.8996 58.6117 80.8497 44.5701 5.6271 -22.5419 -49.0989 4.8064 -26.5010 -139.5515 -101.4563

1HVV
BAABBABBBBBBAABABBBABBABBABABAAAAABBBABAABBABBBABBAABBABBAABBBBBAABBBBBABBB
27.8454 0.8337 -5.5287 4.8596 3.7895 14.3742 8.9903 -3.1545 -88.2487 -6.6893 -48.3922 -38.6901 25.1276 -14.0042 -5.4863 74.0052 28.5373 4.6436 -15.6044 -4.3944 -36.7151 -141.1432 0.9034 -3.4922 -55.7053 60.3292 -8.5590 82.4899 38.0849 -86.7023 24.1970 5.3573 -46.5487 56.1699 -23.7627 -56.5866 28.7396 2.7412 146.9556 9.9005 95.6971 -5.2725 17.9601 173.5608 17.9385 -157.1546 179.4881 14.0890 -12.6356 44.0430 -12.6758 -6.9288 79.9084 -18.1557 -13.7606 -0.8806 -41.3831 29.7460 -13.5966 19.3691 123.0711 9.4164 -74.8654 -123.1056 2.1943 -125.6961 -1.3442 71.1323 164.8282 0.4395 -1.7166 99.7115 1.1218 45.2714 80.2477 82.4397 -23.0391 -19.3787 -86.9531 174.3087 10.4377 -104.7649 -75.8162 -48.6170 -9.4839 107.2775 83.2824 130.1506 -145.2433 -74.6802 30.6157 45.6916 -8.0817 33.1733 -124.6406 -38.6688 3.5490 -35.8156 -32.9407 45.2061 120.9177 165.1557 -125.8755 -134.4070 -137.5416 -47.5681 13.7919 60.7259 -6.7230 109.3391 143.2590 -10.9062 -2.1109 172.1675 66.3232 66.0931 -147.9116 -75.4616 29.0081 -121.1576 -34.2368 -6.7437 -94.3245 -89.2527 -32.3181 136.4594 96.8840 59.1565 55.1100 77.6417 107.3908 -3.1284 -29.3881 -164.5014 -84.2297 -5.9252 125.2918 23.0898 90.0102 -10.9512 57.0756 59.8516 -43.2219 -160.7995 -92.7630

1CRN
BBAAABAAABBBBBAABAAABABAAAABBBAAAAAAAABAAABBAB
63.9457 37.6107 -24.4060 -163.1479 -57.0841 61.5315 46.0589 -110.6878 10.4104 106.0144 -10.2116 79.9766 71.5584 -37.5115 47.0182 -47.4229 58.7412 57.2443 -2.0204 160.6107 77.0151 158.7856 -173.8190 31.5677 6.9067 -23.5869 94.1789 -10.2811 -30.0908 48.5905 18.0900 24.2976 -75.9587 -157.2502 118.0247 -5.1541 166.3456 -9.5992 -6.4544 64.4468 -44.3034 -6.1564 -38.3906 -27.0310 -11.6460 -35.3780 -162.9222 124.1538 146.9604 -167.2610 13.9913 134.5250 125.1218 -36.1843 15.2577 -20.4355 -162.2076 140.5351 -149.7499 -34.2437 -37.9996 -91.6712 156.8549 -23.8772 81.7281 60.7843 6.9784 122.8594 121.1528 112.6378 -19.7005 -66.6430 -118.9864 -4.2414 -117.0657 29.4930 24.1844 -52.1047 127.4958 70.4544 -0.8498 -14.0147 167.2920 29.9212 -53.7951 -140.7360 -34.2536

2KGU
ABAABBAABABBABAABAABABABABABAAABBB
-20.5679 -84.6988 -50.7601 37.1604 22.7380 76.0521 8.4787 143.2033 16.7765 43.7773 -23.0307 -42.7566 64.0524 -166.6178 -84.3767 9.2185 -147.2684 -80.1040 -55.9993 2.9875 120.9108 22.4968 140.5397 43.5238 -24.9959 -47.2060 -178.9056 -29.5806 15.7086 6.2459 -40.1731 11.4458 18.9051 91.6935 6.6210 -83.6766 -56.9322 -53.1841 -3.2545 -105.1252 169.3630 72.6252 -27.9102 103.0528 -10.1520 -24.3801 52.7735 138.9669 36.7419 -74.3079 -49.4908 6.1930 1.4243 33.7143 -3.6525 142.7333 120.0219 -44.7580 -120.7643 0.9194 -21.4305 -34.7850 54.4187

1EDP
ABABBAABBBAABBABA
-21.9351 4.8762 63.2067 15.5633 -54.0632 -4.6356 -19.6572 28.3497 -2.5415 -4.6943 35.7393 33.1359 21.6617 -38.9151 31.5414 25.6275 124.5056 -157.8482 -56.3056 12.2235 62.4478 171.3222 -155.5591 -123.8059 -147.7707 126.9449 38.4716 164.5779 -15.9422