0 -54.8349
5052 -55.2866
10103 -55.9615
15122 -56.7974
20124 -57.1468
25136 -57.4066
30151 -57.7014
35167 -57.9954
40206 -58.2877
45220 -58.5002
50281 -58.6899
55285 -58.8306
60319 -58.9094
65340 -58.9741
70352 -59.0291
75380 -59.0741
80381 -59.1076
85385 -59.1399
90431 -59.1608
95439 -59.1768
100475 -59.1979
105505 -59.2233
110534 -59.2488
115554 -59.2775
120572 -59.3049
125612 -59.3357
130624 -59.3587
135647 -59.3995
140657 -59.4344
145677 -59.474
150689 -59.5011
155751 -59.5237
160753 -59.5427
165757 -59.5613
170786 -59.5784
175789 -59.5897
180799 -59.5962
185802 -59.6037
190897 -59.6138
195932 -59.6276
200955 -59.6487
205970 -59.6612
210977 -59.6732
215987 -59.6795
220988 -59.6844
226020 -59.6883
231027 -59.6946
236069 -59.7003
241075 -59.7113
246087 -59.734
251102 -59.7415
256130 -59.7451
261142 -59.748
266145 -59.7534
271269 -59.7553
500048 -59.7558
