0 -114.03
5007 -114.189
10022 -114.478
15024 -114.735
20028 -114.965
25052 -115.323
30165 -115.645
35167 -115.934
40214 -116.123
45221 -116.231
50266 -116.323
55293 -116.402
60347 -116.479
65349 -116.554
70408 -116.63
75472 -116.725
80494 -116.808
85524 -116.892
90539 -117.003
95548 -117.13
100585 -117.276
105625 -117.47
110635 -117.643
115637 -117.818
120655 -117.964
125665 -118.093
130673 -118.189
135688 -118.267
140723 -118.345
145728 -118.393
150730 -118.437
155743 -118.474
160792 -118.52
165797 -118.56
170832 -118.599
175854 -118.629
180864 -118.658
185888 -118.697
190912 -118.713
195931 -118.74
200948 -118.76
205975 -118.778
210983 -118.797
215990 -118.818
221008 -118.827
226010 -118.837
231024 -118.847
236131 -118.855
500144 -118.856
