0 -190.045
5040 -191.095
10055 -192.754
15102 -193.783
20103 -194.663
25119 -195.336
30129 -195.933
35147 -196.366
40164 -196.787
45182 -197.098
50192 -197.447
55204 -197.651
60243 -197.819
65259 -197.938
70274 -198.064
75281 -198.228
80307 -198.38
85325 -198.5
90335 -198.65
95338 -198.725
100384 -198.794
105409 -198.868
110411 -198.915
115423 -199.002
120433 -199.05
125450 -199.099
130510 -199.133
135557 -199.166
140621 -199.194
145636 -199.211
150643 -199.23
155655 -199.242
160798 -199.253
500080 -199.255
