0 -57.9725
5018 -58.5884
10050 -59.1994
15066 -59.966
20073 -60.5684
25116 -60.9797
30124 -61.2931
35133 -61.5066
40162 -62.0264
45167 -62.3558
50176 -62.6021
55177 -62.747
60222 -62.8843
65238 -62.9812
70249 -63.0752
75273 -63.1553
80434 -63.5477
85447 -63.8292
90462 -63.9127
95535 -63.9906
100542 -64.0494
105543 -64.0932
110550 -64.1293
115557 -64.178
120573 -64.2149
125616 -64.257
130628 -64.2935
135648 -64.3409
140650 -64.3629
145671 -64.3944
150689 -64.4109
155697 -64.4212
160715 -64.4401
165734 -64.452
170743 -64.4781
175756 -64.4963
180758 -64.517
185789 -64.5414
190813 -64.5567
195834 -64.5764
200851 -64.5823
205869 -64.5947
210886 -64.6004
215919 -64.6174
220928 -64.6464
225932 -64.6508
230935 -64.663
235939 -64.6752
240965 -64.6871
245982 -64.7281
251017 -64.7328
256065 -64.751
261088 -64.7869
266135 -64.7945
271185 -64.8024
276206 -64.8305
281246 -64.841
286305 -64.8478
291380 -64.8727
296418 -64.903
301420 -64.9082
306440 -64.9235
311458 -64.9458
316524 -64.9619
321534 -64.9681
326560 -64.9737
331584 -64.9804
336592 -64.994
341622 -65.0069
346674 -65.0155
351678 -65.0186
356709 -65.0248
361715 -65.0327
366767 -65.0376
500000 -65.0377
