Objective Function Sorted:
192. -190.0450286865
16. -189.9543609619
83. -189.4477081299
 6. -189.3977813721
 9. -189.1405792236
19. -188.6277923584
52. -184.3232269287
96. -183.6963806152
24. -182.2837677002
71. -179.9789886475
61. -178.9875640869
93. -178.2988433838
55. -177.4900360107
28. -176.7756195068
185. -175.9177703857
188. -175.6506652832
25. -174.2704315186
60. -173.0283508301
153. -172.0244750977
84. -171.9093322754
155. -169.1227416992
29. -169.0138092041
33. -168.5817108154
90. -167.9848480225
37. -167.1765594482
152. -166.8682098389
34. -166.8350982666
82. -166.4914550781
31. -166.4161987305
181. -165.0031585693
102. -164.8759918213
154. -164.7274475098
57. -164.0756072998
53. -163.4559326172
36. -162.5287628174
22. -161.7235565186
137. -157.5925140381
54. -154.3148651123
78. -134.0778503418
159. -132.7788543701
171. -114.4547958374
35. -113.6922988892
133. -92.4767074585
166. -92.1056747437
184. -84.8716125488
21. -82.2835083008
46. -69.1093750000
150. -67.0042114258
86. -55.6585159302
145. -16.1839485168
106. -1.3232274055
189. 1.5477609634
 2. 18.4590663910
162. 29.2308998108
92. 52.6758956909
87. 79.3721313477
108. 263.5735168457
32. 280.0373535156
75. 336.1132202148
68. 416.1119384766
42. 658.9216918945
65. 827.9409790039
43. 903.3471679688
74. 1015.0997924805
118. 1231.0729980469
101. 1529.8609619141
187. 1820.4007568359
41. 1981.4117431641
158. 2132.9990234375
30. 2617.3305664062
58. 2743.8776855469
73. 2747.7106933594
50. 2754.2431640625
88. 3048.3752441406
163. 3335.3012695312
56. 3776.9343261719
67. 3984.3383789062
97. 4191.4458007812
 4. 4365.4111328125
63. 5397.6816406250
48. 6817.4775390625
191. 6975.8588867188
179. 9670.1455078125
14. 9733.2177734375
79. 9938.3652343750
134. 9996.6191406250
125. 11967.0732421875
85. 14077.9511718750
 7. 14791.5273437500
114. 16502.4667968750
186. 16558.3085937500
26. 18300.0000000000
126. 19422.9511718750
119. 23152.4101562500
47. 25195.6640625000
17. 27127.2910156250
122. 27678.9414062500
130. 30229.7851562500
 5. 36138.6484375000
15. 36944.4921875000
95. 44145.3945312500
129. 45274.5351562500
177. 45314.8945312500
168. 46786.8867187500
156. 49638.8632812500
121. 58153.1640625000
113. 68687.5156250000
147. 78482.1406250000
69. 95950.8203125000
12. 103053.8906250000
170. 107489.1171875000
11. 112938.6484375000
190. 120301.0781250000
123. 165630.1875000000
 1. 165721.7656250000
80. 233811.3281250000
117. 300492.2187500000
10. 310607.2187500000
146. 312426.3750000000
49. 321311.1562500000
138. 367635.4062500000
13. 429116.9062500000
20. 436072.7500000000
 3. 483645.9687500000
45. 532163.5000000000
40. 583859.0000000000
76. 666772.0625000000
111. 1012667.3125000000
172. 1149996.2500000000
142. 1330455.5000000000
38. 1748296.5000000000
105. 1805828.0000000000
120. 1884360.3750000000
139. 2454414.5000000000
183. 2615455.7500000000
176. 3122618.5000000000
70. 4134979.7500000000
89. 5498976.0000000000
18. 5501406.5000000000
161. 7586049.0000000000
140. 7840228.5000000000
180. 7851777.0000000000
174. 9497570.0000000000
39. 9512063.0000000000
175. 11127896.0000000000
151. 18930482.0000000000
131. 26055734.0000000000
148. 27043818.0000000000
103. 27968818.0000000000
182. 31142128.0000000000
143. 41040960.0000000000
98. 54581388.0000000000
104. 55590176.0000000000
107. 62671656.0000000000
66. 67278248.0000000000
157. 70328584.0000000000
178. 78456304.0000000000
 8. 82317248.0000000000
144. 82544112.0000000000
135. 87416280.0000000000
149. 88019736.0000000000
23. 97342728.0000000000
173. 98233328.0000000000
165. 106237448.0000000000
164. 107554528.0000000000
91. 126524440.0000000000
136. 138502880.0000000000
100. 140622160.0000000000
116. 141981984.0000000000
44. 165402080.0000000000
124. 263434272.0000000000
94. 291330016.0000000000
127. 341980672.0000000000
169. 347241632.0000000000
109. 377079776.0000000000
59. 377781568.0000000000
99. 453541792.0000000000
62. 521569920.0000000000
132. 578809344.0000000000
160. 607878464.0000000000
110. 688723200.0000000000
51. 1208872960.0000000000
115. 1328206976.0000000000
112. 1798460288.0000000000
81. 2634828288.0000000000
64. 4533143552.0000000000
27. 5557087744.0000000000
77. 5946474496.0000000000
167. 6207849984.0000000000
72. 6374410240.0000000000
141. 9949075456.0000000000
128. 15087362048.0000000000

------------------ END ITERATION 1 ------------------

Best: -190.0450287

Evaluations: 193
Elapsed Time: 0.0715520
